#Layer_Color=16711935
#
#Feature symbol names
#
$0 r3.937

#
#Feature attribute names
#

#
#Layer features
#
A -0.0000078 0.0787481 0.0787324 0.0000079 0.0787324 0.0787481 0 P 0 N
A 0.0787324 4.1141811 -0.0000078 4.0354409 0.0787324 4.0354409 0 P 0 N
A 0.7651102 0.0000078 0.8438504 0.078748 0.7651102 0.078748 0 P 0 N
A 0.8438504 3.8779607 0.9225906 3.7992205 0.9225906 3.8779607 0 P 0 N
A 0.8438504 4.0354409 0.7651102 4.1141811 0.7651102 4.0354409 0 P 0 N
A 0.9225906 0.3149684 0.8438504 0.2362282 0.9225906 0.2362282 0 P 0 N
A 2.1428268 3.7992204 2.221567 3.8779606 2.1428268 3.8779606 0 P 0 N
A 2.2215669 0.078748 2.3003071 0.0000078 2.3003071 0.078748 0 P 0 N
A 2.221567 0.2362283 2.1428268 0.3149685 2.1428268 0.2362283 0 P 0 N
A 2.3003071 4.1141811 2.2215669 4.0354409 2.3003071 4.0354409 0 P 0 N
A 2.7392047 0.0000078 2.8179449 0.078748 2.7392047 0.078748 0 P 0 N
A 2.8179449 3.8779606 2.8966851 3.7992204 2.8966851 3.8779606 0 P 0 N
A 2.8179449 4.0354409 2.7392047 4.1141811 2.7392047 4.0354409 0 P 0 N
A 2.8966851 0.3149685 2.8179449 0.2362283 2.8966851 0.2362283 0 P 0 N
A 4.2746219 3.7992205 4.3533621 3.8779607 4.2746219 3.8779607 0 P 0 N
A 4.3533621 0.078748 4.4321023 0.0000078 4.4321023 0.078748 0 P 0 N
A 4.3533621 0.2362283 4.2746219 0.3149685 4.2746219 0.2362283 0 P 0 N
A 4.4321023 4.1141812 4.3533621 4.035441 4.4321023 4.035441 0 P 0 N
A 7.1968267 3.2387402 7.2755669 3.16 7.2755669 3.2387402 0 P 0 N
A 7.2755669 3.7749606 7.1968267 3.6962204 7.2755669 3.6962204 0 P 0 N
A 7.5984016 0.0000078 7.6771418 0.078748 7.5984016 0.078748 0 P 0 N
A 7.6771418 4.0354409 7.5984016 4.1141811 7.5984016 4.0354409 0 P 0 N
L -0.0000078 0.0787481 -0.0000078 4.0354409 0 P 0
L 0.0787324 0.0000077 0.7651102 0.0000078 0 P 0
L 0.0787324 4.1141812 0.7651102 4.1141811 0 P 0
L 0.8438504 0.0787479 0.8438504 0.2362282 0 P 0
L 0.8438504 3.8779607 0.8438504 4.035441 0 P 0
L 0.9225906 0.3149684 2.1428268 0.3149683 0 P 0
L 0.9225906 3.7992205 2.1428268 3.7992206 0 P 0
L 2.221567 0.078748 2.221567 0.2362283 0 P 0
L 2.221567 3.8779606 2.221567 4.0354409 0 P 0
L 2.3003071 0.0000078 2.7392047 0.0000078 0 P 0
L 2.3003071 4.1141811 2.7392047 4.1141811 0 P 0
L 2.8179449 0.078748 2.8179449 0.2362283 0 P 0
L 2.8179449 3.8779606 2.8179449 4.0354409 0 P 0
L 2.8966851 0.3149686 4.2746219 0.3149685 0 P 0
L 2.8966851 3.7992204 4.2746219 3.7992205 0 P 0
L 4.3533621 0.078748 4.3533621 0.2362283 0 P 0
L 4.3533621 3.8779607 4.3533621 4.035441 0 P 0
L 4.4321023 0.0000075 7.5984016 0.0000078 0 P 0
L 4.4321023 4.1141815 7.5984016 4.1141812 0 P 0
L 7.1968267 3.2387402 7.1968267 3.6962204 0 P 0
L 7.2755669 3.16 7.6771418 3.16 0 P 0
L 7.2755669 3.7749606 7.6771418 3.7749606 0 P 0
L 7.6771411 2.3917322 7.6771418 0.0787481 0 P 0
L 7.6771413 3.16 7.6771415 2.3917322 0 P 0
L 7.6771418 3.7749606 7.6771418 4.0354409 0 P 0
